64,3
64,2
64,1
64,0
63,3
63,2
0,518
0,517
63,1
63,0
0,516
0,515
0,472
62,4
62,3
62,2
62,1
62,0
24,2
61,4
61,3
61,2
61,1
61,0
0,278
60,4
60,3
60,2
0,514
0,513
60,1
60,0
59,3
59,2
59,1
59,0
58,3
58,2
58,1
58,0
57,3
57,2
57,1
57,0
56,3
56,2
0,9
56,1
56,0
3,2
3,1
3,3
10,309
10,112
10,304
10,85
10,159
10,120
10,11
11,15
11,19
11,27
8,11
8,7
8,8
8,14
8,2
8,3
49,4
49,3
49,2
49,1
49,0
48,4
48,3
48,2
48,1
48,0
47,5
47,4
47,3
47,2
47,1
47,0
44,4
44,3
44,2
44,1
13,3
44,0
43,4
43,3
43,2
43,1
43,0
38,6
38,5
38,4
38,3
38,2
38,1
38,0
36,6
36,5
36,4
36,3
36,2
36,1
36,0
34,6
34,5
34,4
34,3
34,2
34,1
34,0
27,3
27,1
24,3
2,2
24,1
20,3
2,1
2,3
